1 31457280 32641627 1208
1 31458488 25795318 10
1 31458498 32642845 3261
1 31461759 22594107 13
1 31461772 32646119 980
1 31462752 29464799 12
1 31462764 32647111 1836
1 31464600 30874480 11
1 31464611 32648958 806
1 31465417 22739512 11
1 31465428 26763144 11
1 31465439 32649786 4378
1 31469817 24504774 11
1 31469828 32654175 1405
1 31471233 20353956 11
1 31471244 32655591 58
1 31471302 23220092 14
1 31471316 32655663 714
1 31472030 26371849 13
1 31472043 32656390 53
1 31472096 33709315 13
1 31472109 32656456 49
1 31472158 29315479 13
1 31472171 32656518 326
1 31472497 27233789 11
1 31472508 32656855 153
1 31472661 28697507 10
1 31472671 32657018 292
1 31472963 25296609 12
1 31472975 32657322 146
1 31473121 31470663 14
1 31473135 32657482 292
1 31473427 29994048 12
1 31473439 32657786 348
1 31473787 21189496 10
1 31473797 32658144 82
1 31473879 26850226 9
1 31473888 32658235 381
1 31474269 25650947 12
1 31474281 32658628 121
1 31474402 25607873 14
1 31474416 32658763 187
1 31474603 32658952 334
1 31474937 20897141 11
1 31474948 32659297 1393
1 31476341 22837342 11
1 31476352 32660701 1314
1 31477666 32662016 731
1 31478397 23852682 19
1 31478416 32662766 50
1 31478466 26878527 11
1 31478477 32662827 829
1 31479306 30759712 12
1 31479318 32663668 162
1 31479480 31969140 13
1 31479493 32663843 570
1 31480063 21485853 12
1 31480075 32664425 738
1 31480813 30992389 11
1 31480824 32665174 458
1 31481282 28497894 13
1 31481295 32665645 66
1 31481361 25186118 12
1 31481373 32665723 367
1 31481740 21428958 13
1 31481753 32666103 1023
1 31482776 23642875 12
1 31482788 32667138 2712
1 31485500 32669854 3476
1 31488976 30116632 13
1 31488989 32673343 217
1 31489206 29949467 12
1 31489218 32673572 144
1 31489362 28032445 15
1 31489377 32673731 386
1 31489763 29511208 12
1 31489775 32674129 795
1 31490570 21934503 12
1 31490582 32674936 400
1 31490982 27473301 14
1 31490996 32675350 1559
1 31492555 21749362 13
1 31492568 32676922 139
1 31492707 30249312 10
1 31492717 32677071 972
1 31493689 27415104 12
1 31493701 32678055 1536
1 31495237 32679592 1312
1 31496549 22838312 12
1 31496561 32680916 5575
1 31502136 26334597 12
1 31502148 32686503 496
1 31502644 32687020 2418
1 31505062 31961237 11
1 31505073 32689449 4169
1 31509242 32693623 1338
1 31510580 28702414 14
1 31510594 32694975 2604
1 31513198 33623943 11
1 31513209 32697590 489
1 31513698 28857924 12
1 31513710 32698091 2239
1 31515949 23820227 33
1 31515982 32700363 6825
1 31522807 32707189 2987
1 31525794 31700860 15
1 31525809 32710191 370
1 31526179 22588354 13
1 31526192 32710574 797
1 31526989 20775663 12
1 31527001 32711383 671
1 31527672 27593835 11
1 31527683 32712065 558
1 31528241 25432681 11
1 31528252 32712634 1368
1 31529620 32714003 1002
1 31530622 28734789 11
1 31530633 32715016 116
1 31530749 32715133 1094
1 31531843 23077648 13
1 31531856 32716240 938
1 31532794 30642888 10
1 31532804 32717188 786
1 31533590 31526718 11
1 31533601 32717985 1577
1 31535178 32719561 43
1 31535221 32719737 479
1 31535700 32720221 1535
1 31537235 31303387 12
1 31537247 32721768 520
1 31537767 33390138 11
1 31537778 32722299 3013
1 31540791 33480070 12
1 31540803 32725324 8384
1 31549187 22576956 14
1 31549201 32733722 4660
1 31553861 32738380 6875
1 31560736 24693772 11
1 31560747 32745266 3506
1 31564253 24227792 12
1 31564265 32748784 194
1 31564459 32749116 50
1 31564509 32749097 15
1 31564524 32749009 45
1 31564569 32749210 43
1 31564612 32749097 60
1 31564672 32749053 17
1 31564689 32749192 45
1 31564734 32749271 10071
1 31574805 25927646 13
1 31574818 32759351 1451
1 31576269 33767926 12
1 31576281 32760814 890
1 31577171 20555448 11
1 31577182 32761715 1818
1 31579000 25215935 19
1 31579019 32763552 2291
1 31581310 32315311 14
1 31581324 32765857 2296
1 31583620 32162639 13
1 31583633 32768166 4658
1 31588291 22344309 12
1 31588303 32772836 1487
1 31589790 31625893 10
1 31589800 32774333 654
1 31590454 30699992 12
1 31590466 32774999 7578
1 31598044 22676605 11
1 31598055 32782588 8304
1 31606359 23995413 15
1 31606374 32790907 176
1 31606550 24848704 11
1 31606561 32791094 964
1 31607525 21704132 11
1 31607536 32792069 624
1 31608160 25274074 11
1 31608171 32792704 99
1 31608270 28693614 11
1 31608281 32792814 1553
1 31609834 32145132 19
1 31609853 32794386 1377
1 31611230 29707982 10
1 31611240 32795773 675
1 31611915 32842419 13
1 31611928 32796461 20
1 31611948 29375693 12
1 31611960 32796493 1690
1 31613650 21760868 12
1 31613662 32798195 7359
1 31621021 28996390 12
1 31621033 32805566 1462
1 31622495 30696626 31
1 31622526 32807055 1169
1 31623695 33649821 12
1 31623707 32808236 36
1 31623743 27796783 12
1 31623755 32808284 2572
1 31626327 23281733 13
1 31626340 32810869 8617
1 31634957 32819211 2160
1 31637117 24358398 11
1 31637128 32821382 8943
1 31646071 30511835 13
1 31646084 32830338 5228
1 31651312 32835570 52
1 31651364 22063011 13
1 31651377 22289871 13
1 31651390 32835727 22
1 31651412 32835629 1971
1 31653383 24746592 24
1 31653407 32837624 4088
1 31657495 25433259 11
1 31657506 32841723 246
1 31657752 21557929 15
1 31657767 32841984 254
1 31658021 27365331 13
1 31658034 32842251 1216
1 31659250 32843465 275
1 31659525 24395109 10
1 31659535 32843750 630
1 31660165 27094130 12
1 31660177 32844392 303
1 31660480 21931720 12
1 31660492 32844707 259
1 31660751 31504851 16
1 31660767 32844982 967
1 31661734 32845950 1345
1 31663079 21682023 14
1 31663093 32847309 2491
1 31665584 32810942 15
1 31665599 32849815 90
1 31665689 28488115 12
1 31665701 32849917 766
1 31666467 20769075 12
1 31666479 32850695 16
1 31666495 27219089 13
1 31666508 32850724 3294
1 31669802 30802422 13
1 31669815 32854031 7486
1 31677301 23416377 35
1 31677336 32861552 314
1 31677650 32396844 10
1 31677660 32861876 1417
1 31679077 33315312 13
1 31679090 32863306 369
1 31679459 29624947 14
1 31679473 32863689 3991
1 31683464 24827784 11
1 31683475 32867691 4908
1 31688383 32601122 12
1 31688395 32872611 7935
1 31696330 20435543 12
1 31696342 32880558 4655
1 31700997 32502527 11
1 31701008 32885224 2746
1 31703754 33199690 12
1 31703766 32887982 213
1 31703979 30091569 10
1 31703989 32888205 683
1 31704672 32888960 108
1 31704780 32888924 40
1 31704820 32889108 25
1 31704845 32889097 4510
1 31709355 21344014 11
1 31709366 32893618 374
1 31709740 27093449 13
1 31709753 32894005 1991
1 31711744 21157575 35
1 31711779 32896031 8952
1 31720731 26645576 13
1 31720744 32904996 400
1 31721144 32905395 166
1 31721310 32905560 43
1 31721353 31751420 12
1 31721365 32905615 44
1 31721409 31749658 10
1 31721419 32905669 303
1 31721722 31248403 13
1 31721735 32905985 5823
1 31727558 28018398 12
1 31727570 32911820 52
1 31727622 26486023 11
1 31727633 32911883 917
1 31728550 30843584 13
1 31728563 32912813 1079
1 31729642 29918541 11
1 31729653 22488878 11
1 31729664 30431110 11
1 31729675 20420284 12
1 31729687 32913899 936
1 31730623 25832471 18
1 31730641 32914853 1476
1 31732117 31645974 11
1 31732128 32916340 969
1 31733097 32707506 11
1 31733108 32917320 2883
1 31735991 29024559 12
1 31736003 32920215 176
1 31736179 26732150 13
1 31736192 32920404 4140
1 31740332 32924543 3196
1 31743528 29719763 12
1 31743540 32927751 941
1 31744481 32815791 12
1 31744493 32928704 4771
1 31749264 32933471 17303
1 31766567 31189657 10
1 31766577 32950784 9149
1 31775726 24822280 12
1 31775738 32959945 9976
1 31785714 32969871 50
1 31785764 32969871 50
1 31785814 32969871 50
1 31785864 32969871 6866
1 31792730 27984385 13
1 31792743 32976750 2409
1 31795152 32979130 2452
1 31797604 32981513 31
1 31797635 32981682 16
1 31797651 24460091 12
1 31797663 32981710 4076
1 31801739 32525995 11
1 31801750 32985790 7761
1 31809511 32993532 854
1 31810365 33582984 12
1 31810377 32994398 2467
1 31812844 32996994 85
1 31812929 32996778 147
1 31813076 32997054 29
1 31813105 32997126 84
1 31813189 32997079 36
1 31813225 32997245 2405
1 31815630 32999659 2275
1 31817905 33001946 1422
1 31819327 33003376 2700
1 31822027 29985297 16
1 31822043 33006149 14401
1 31836444 28412445 13
1 31836457 33020563 1734
1 31838191 33022687 17
1 31838208 33022314 768
1 31838976 33023083 151
1 31839127 33923444 16
1 31839143 33023250 444
1 31839587 26824517 13
1 31839600 33023707 26
1 31839626 23469348 11
1 31839637 33023744 33
1 31839670 28977844 11
1 31839681 33023788 249
1 31839930 31816609 10
1 31839940 33024047 265
1 31840205 33408991 13
1 31840218 33024325 46
1 31840264 29311719 14
1 31840278 33024385 35
1 31840313 31662435 10
1 31840323 33024430 134
1 31840457 30767923 12
1 31840469 33024576 173
1 31840642 33024745 114
1 31840756 21332737 12
1 31840768 33024972 22
1 31840790 33024893 587
1 31841377 33025478 1288
1 31842665 24758433 12
1 31842677 33026778 526
1 31843203 28106922 10
1 31843213 33027314 307
1 31843520 23301412 11
1 31843531 33027632 119
1 31843650 27011030 14
1 31843664 33027766 194
1 31843858 30877650 14
1 31843872 33027974 162
1 31844034 31981200 12
1 31844046 33028148 261
1 31844307 24221776 13
1 31844320 33028428 74
1 31844394 33211371 12
1 31844406 33028514 1039
1 31845445 31951832 14
1 31845459 33029567 1247
1 31846706 33676807 11
1 31846717 33030825 268
1 31846985 21968527 13
1 31846998 33031106 490
1 31847488 33593411 13
1 31847501 33031609 19
1 31847520 30937921 14
1 31847534 33031642 139
1 31847673 33257301 13
1 31847686 33031794 176
1 31847862 33558627 13
1 31847875 33031983 1143
1 31849018 21085757 12
1 31849030 33033138 54
1 31849084 25905038 12
1 31849096 33033204 17
1 31849113 33033218 291
1 31849404 33781473 10
1 31849414 33033519 277
1 31849691 29807044 11
1 31849702 33033807 490
1 31850192 33423802 11
1 31850203 33034308 81
1 31850284 33328827 13
1 31850297 33034402 787
1 31851084 33000543 13
1 31851097 33035202 903
1 31852000 20888648 11
1 31852011 33036116 47
1 31852058 33036157 369
1 31852427 33036528 38
1 31852465 33036567 546
1 31853011 29917016 10
1 31853021 33037123 3205
1 31856226 28447239 13
1 31856239 33040341 8464
1 31864703 32497939 15
1 31864718 33049527 3981
1 31868699 28917846 12
1 31868711 33053520 431
1 31869142 33053952 22097
1 31891239 21726010 12
1 31891251 33076061 1653
1 31892904 33077715 8117
1 31901021 28568665 15
1 31901036 22537776 11
1 31901047 33085858 664
1 31901711 23387323 12
1 31901723 30369706 11
1 31901734 33086605 2010
1 31903744 22079151 32
1 31903776 33088647 1220
1 31904996 32585279 11
1 31905007 33089878 194
1 31905201 30159916 15
1 31905216 33090087 412
1 31905628 34092928 11
1 31905639 33090510 361
1 31906000 28201275 13
1 31906013 33090884 1454
1 31907467 32518007 11
1 31907478 33092349 223
1 31907701 33092576 66
1 31907767 24551889 14
1 31907781 30003677 38
1 31907819 24572522 18
1 31907837 33092712 7000
1 31914837 26709202 11
1 31914848 33099723 952
1 31915800 24099903 10
1 31915810 33100685 106
1 31915916 22040402 17
1 31915933 33100808 917
1 31916850 33100839 381
1 31917231 31532570 9
1 31917240 33101229 42
1 31917282 33101621 18
1 31917300 33101289 17
1 31917317 33102212 35
1 31917352 33101551 25
1 31917377 33101646 40
1 31917417 33101266 174
1 31917591 33102066 26
1 31917617 33101466 4357
1 31921974 26553831 10
1 31921984 33105833 1513
1 31923497 25814935 11
1 31923508 33107357 6305
1 31929813 31330677 10
1 31929823 33113672 5552
1 31935375 33119223 2417
1 31937792 28514581 29
1 31937821 33121669 5262
1 31943083 22084159 12
1 31943095 33126943 824
1 31943919 33853062 15
1 31943934 33127782 1755
1 31945689 33131796 1422
1 31947111 31598099 13
1 31947124 22162274 12
1 31947136 33132443 16
1 31947152 30707670 13
1 31947165 30252953 14
1 31947179 22686542 13
1 31947192 33132499 433
1 31947625 33133044 1029
1 31948654 32107290 11
1 31948665 33134084 260
1 31948925 33134343 6031
1 31954956 33140375 10517
1 31965473 27899386 17
1 31965490 33150909 6516
1 31972006 33157426 430
1 31972436 33720385 27
1 31972463 33157883 1275
1 31973738 33159157 196
1 31973934 33159370 2813
1 31976747 33162182 41
1 31976788 21425477 44
1 31976832 33162234 1674
1 31978506 25802073 12
1 31978518 33163920 5437
1 31983955 21884135 11
1 31983966 33169368 832
1 31984798 22988706 11
1 31984809 33170211 352
1 31985161 24384812 13
1 31985174 33170576 11062
1 31996236 26763798 12
1 31996248 33181650 4950
1 32001198 33186602 4629
1 32005827 33191230 424
1 32006251 25946331 37
1 32006288 33191691 1204
1 32007492 33192896 13436
1 32020928 27777851 13
1 32020941 33206345 1147
1 32022088 33082791 11
1 32022099 33207503 9936
1 32032035 23286513 11
1 32032046 33217450 1316
1 32033362 25822103 13
1 32033375 33218779 1805
1 32035180 27290975 11
1 32035191 33220595 760
1 32035951 24355190 10
1 32035961 33221365 6278
1 32042239 33227642 925
1 32043164 24270970 20
1 32043184 33228587 5901
1 32049085 33234436 284
1 32049369 33234719 5920
1 32055289 30755392 11
1 32055300 33240650 506
1 32055806 33241835 61
1 32055867 33241217 357
1 32056224 33242080 170
1 32056394 23393752 12
1 32056406 33242262 1723
1 32058129 30178772 14
1 32058143 33243999 1534
1 32059677 33245536 2466
1 32062143 32432381 25
1 32062168 33248027 2732
1 32064900 22705493 13
1 32064913 33250772 8471
1 32073384 22497455 16
1 32073400 33259259 1031
1 32074431 30827660 11
1 32074442 33260301 10183
1 32084625 33270486 8342
1 32092967 33849224 13
1 32092980 33278841 1622
1 32094602 29651406 12
1 32094614 33280475 159
1 32094773 26899503 13
1 32094786 33280646 694
1 32095480 24328494 13
1 32095493 33281353 9100
1 32104593 33290452 2433
1 32107026 26031203 11
1 32107037 33292627 13
1 32107050 33293285 33
1 32107083 30434904 13
1 32107096 33293290 31
1 32107127 33292593 21
1 32107148 33292458 24
1 32107172 29074166 11
1 32107183 25615439 12
1 32107195 33292969 29
1 32107224 33292793 15
1 32107239 27774176 13
1 32107252 33293417 21
1 32107273 33292464 18
1 32107291 29074166 11
1 32107302 25615439 12
1 32107314 33292969 29
1 32107343 33292793 15
1 32107358 26248898 10
1 32107368 33292596 18
1 32107386 33292458 32
1 32107418 27805149 12
1 32107430 33292843 18
1 32107448 33293287 34
1 32107482 33292593 14
1 32107496 26605086 14
1 32107510 33292841 18
1 32107528 25056910 11
1 32107539 27732736 11
1 32107550 25997764 12
1 32107562 33293022 29
1 32107591 33292844 17
1 32107608 33292294 13
1 32107621 31458449 14
1 32107635 33292667 28
1 32107663 33292699 76
1 32107739 33293021 29
1 32107768 23854065 13
1 32107781 33292586 21
1 32107802 25916814 13
1 32107815 33292842 19
1 32107834 33293594 37
1 32107871 33292596 18
1 32107889 33293020 13
1 32107902 33292430 11
1 32107913 29074166 11
1 32107924 33292832 29
1 32107953 33292986 27
1 32107980 26248898 10
1 32107990 27448150 12
1 32108002 33293602 26
1 32108028 33292593 21
1 32108049 26762813 14
1 32108063 33292552 12
1 32108075 29102757 12
1 32108087 33292835 26
1 32108113 33964479 11
1 32108124 33292451 28
1 32108152 25056910 11
1 32108163 27732736 11
1 32108174 32101850 11
1 32108185 33293021 30
1 32108215 33292625 15
1 32108230 26226846 13
1 32108243 29287725 14
1 32108257 33292626 14
1 32108271 33293723 17
1 32108288 33292657 56
1 32108344 30697395 13
1 32108357 33292726 49
1 32108406 33292555 23
1 32108429 33144706 12
1 32108441 33292590 25
1 32108466 31553728 12
1 32108478 33292669 60
1 32108538 24085039 15
1 32108553 33293006 45
1 32108598 23854066 12
1 32108610 33292628 12
1 32108622 33292820 34
1 32108656 22096292 11
1 32108667 33294253 13
1 32108680 22346119 11
1 32108691 32624880 12
1 32108703 33292599 17
1 32108720 33292838 23
1 32108743 21879374 11
1 32108754 33292451 20
1 32108774 20907371 11
1 32108785 30972830 11
1 32108796 33293507 21
1 32108817 33292844 17
1 32108834 33293504 18
1 32108852 33292979 13
1 32108865 33293017 26
1 32108891 33292838 23
1 32108914 33293287 31
1 32108945 20907371 11
1 32108956 33292473 15
1 32108971 33293601 26
1 32108997 31650968 12
1 32109009 33293422 16
1 32109025 33292844 15
1 32109040 27024348 13
1 32109053 27924737 13
1 32109066 23088390 12
1 32109078 33294167 12
1 32109090 22872345 12
1 32109102 33293407 31
1 32109133 33292844 17
1 32109150 33293725 13
1 32109163 21771276 12
1 32109175 33292845 16
1 32109191 33292906 23
1 32109214 32446460 12
1 32109226 33292941 55
1 32109281 26778363 12
1 32109293 28864033 14
1 32109307 26588524 15
1 32109322 30818395 12
1 32109334 30697393 15
1 32109349 20250573 11
1 32109360 22730356 13
1 32109373 31775504 12
1 32109385 33294076 56
1 32109441 28258205 14
1 32109455 30285892 15
1 32109470 22696828 11
1 32109481 20588330 13
1 32109494 31784627 12
1 32109506 33294164 15
1 32109521 22872345 12
1 32109533 33293407 31
1 32109564 33292844 17
1 32109581 33292600 16
1 32109597 33293004 47
1 32109644 33292844 17
1 32109661 33292986 27
1 32109688 26248898 10
1 32109698 27448150 12
1 32109710 33293602 29
1 32109739 27314811 11
1 32109750 21434459 12
1 32109762 33292841 20
1 32109782 33292906 23
1 32109805 33292663 21
1 32109826 33293251 21
1 32109847 27558021 11
1 32109858 33293414 14
1 32109872 26778363 12
1 32109884 33293620 44
1 32109928 33293578 86
1 32110014 33293578 64
1 32110078 21589135 13
1 32110091 33293655 55
1 32110146 33292891 5273
1 32115419 33488990 11
1 32115430 33298175 1066
1 32116496 27998110 12
1 32116508 33299253 1532
1 32118040 30490680 12
1 32118052 33300797 2798
1 32120850 29101615 31
1 32120881 33303626 1745
1 32122626 33305365 11728
1 32134354 26400340 12
1 32134366 33317105 1137
1 32135503 23940151 10
1 32135513 33318252 306
1 32135819 27580846 13
1 32135832 33318571 586
1 32136418 21450658 10
1 32136428 33319167 5024
1 32141452 21694262 14
1 32141466 33324205 3140
1 32144606 30489885 11
1 32144617 33327356 3233
1 32147850 32368368 10
1 32147860 33330599 4187
1 32152047 30625352 12
1 32152059 33334798 1747
1 32153806 33336544 1030
1 32154836 24635603 13
1 32154849 33337587 13
1 32154862 23317520 14
1 32154876 33337614 9896
1 32164772 33347744 28614
1 32193386 26344623 13
1 32193399 33376371 26
1 32193425 24388856 12
1 32193437 33376409 47
1 32193484 23528601 16
1 32193500 33376472 92
1 32193592 22689700 24
1 32193616 33376588 2396
1 32196012 34003840 12
1 32196024 33378996 12982
1 32209006 32116878 14
1 32209020 33391815 197
1 32209217 33391717 84
1 32209301 33391919 93
1 32209394 33391717 74
1 32209468 33392027 5397
1 32214865 33397484 6716
1 32221581 29055552 12
1 32221593 33404212 725
1 32222318 22791485 10
1 32222328 33404947 18
1 32222346 22791485 10
1 32222356 33404975 72
1 32222428 31180922 12
1 32222440 33405227 31
1 32222471 24438989 13
1 32222484 33405103 61
1 32222545 33405191 40
1 32222585 33404866 45
1 32222630 33405274 40
1 32222670 33405313 3443
1 32226113 32003307 11
1 32226124 33408767 738
1 32226862 31566876 10
1 32226872 33409515 109
1 32226981 31322825 11
1 32226992 33409635 367
1 32227359 20792788 12
1 32227371 33410014 536
1 32227907 27274231 12
1 32227919 33410562 1799
1 32229718 24945667 13
1 32229731 33412374 657
1 32230388 20116421 12
1 32230400 33413043 174
1 32230574 26587923 10
1 32230584 33413227 418
1 32231002 33413837 36
1 32231038 33413969 60
1 32231098 22904017 9
1 32231107 33414038 26
1 32231133 27746716 12
1 32231145 33414076 186
1 32231331 33414266 166
1 32231497 32857228 12
1 32231509 33414444 134
1 32231643 29222042 13
1 32231656 33414591 371
1 32232027 32604436 12
1 32232039 33414974 1353
1 32233392 20355048 13
1 32233405 33416339 665
1 32234070 20064576 12
1 32234082 33417016 468
1 32234550 25695215 12
1 32234562 33417496 236
1 32234798 23972095 11
1 32234809 33417743 787
1 32235596 28178473 14
1 32235610 33418544 410
1 32236020 33419350 66
1 32236086 33419218 44
1 32236130 33419988 96
1 32236226 33420348 507
1 32236733 28090688 12
1 32236745 33420867 222
1 32236967 29467215 11
1 32236978 33421100 42
1 32237020 28039463 12
1 32237032 33421154 122
1 32237154 33178488 12
1 32237166 33421288 447
1 32237613 32657026 11
1 32237624 33421746 185
1 32237809 33421933 481
1 32238290 33422484 271
1 32238561 25840055 10
1 32238571 33422765 195
1 32238766 30699411 12
1 32238778 33422972 1468
1 32240246 31219123 11
1 32240257 33424451 3294
1 32243551 32879206 11
1 32243562 33427756 470
1 32244032 32609127 12
1 32244044 33428238 747
1 32244791 22483590 11
1 32244802 33428996 2169
1 32246971 33280398 11
1 32246982 33431176 1270
1 32248252 30044428 11
1 32248263 33432457 856
1 32249119 28285134 11
1 32249130 33433324 88
1 32249218 23048504 13
1 32249231 33433425 105
1 32249336 32936709 12
1 32249348 33433542 245
1 32249593 31790151 13
1 32249606 33433800 2479
1 32252085 33436278 279
1 32252364 32109284 11
1 32252375 33436568 866
1 32253241 33645898 13
1 32253254 33437447 143
1 32253397 31373449 11
1 32253408 33437601 182
1 32253590 28439787 12
1 32253602 33437795 62
1 32253664 29293659 13
1 32253677 33437870 459
1 32254136 28309920 12
1 32254148 33438341 201
1 32254349 33393083 12
1 32254361 33438554 25
1 32254386 20095231 12
1 32254398 33438591 136
1 32254534 30220852 13
1 32254547 33438740 84
1 32254631 27295981 12
1 32254643 33438836 57
1 32254700 26689121 12
1 32254712 31243997 11
1 32254723 33438898 131
1 32254854 33439028 696
1 32255550 33618393 10
1 32255560 33439734 196
1 32255756 21811071 12
1 32255768 33439942 1421
1 32257189 31514897 11
1 32257200 33441374 479
1 32257679 32660171 11
1 32257690 33441865 147
1 32257837 33896975 18
1 32257855 33442030 1564
1 32259419 23949647 11
1 32259430 33443605 41
1 32259471 29366439 13
1 32259484 33443659 22
1 32259506 30871531 11
1 32259517 33443692 344
1 32259861 32804751 13
1 32259874 33444049 154
1 32260028 33423669 10
1 32260038 33444213 187
1 32260225 27415572 11
1 32260236 33444411 251
1 32260487 24102351 12
1 32260499 33444677 510
1 32261009 33068964 13
1 32261022 33445200 1151
1 32262173 28571956 12
1 32262185 33446363 331
1 32262516 22419901 10
1 32262526 33446704 827
1 32263353 27099281 11
1 32263364 33447542 278
1 32263642 25978227 17
1 32263659 33447837 666
1 32264325 32044329 12
1 32264337 33448512 110
1 32264447 19993648 13
1 32264460 33448635 51
1 32264511 21242890 11
1 32264522 33448697 1002
1 32265524 32377320 12
1 32265536 33449716 312
1 32265848 32128879 12
1 32265860 33450040 122
1 32265982 33450163 315
1 32266297 20243039 11
1 32266308 33450489 1478
1 32267786 30787731 13
1 32267799 33451980 9366
1 32277165 21564639 15
1 32277180 33461361 1822
1 32279002 33463176 64
1 32279066 33464943 260
1 32279326 27888138 11
1 32279337 33465214 246
1 32279583 27193053 13
1 32279596 28445568 11
1 32279607 33465483 24
1 32279631 33462879 2324
1 32281955 27888138 11
1 32281966 33465214 2146
1 32284112 25826634 13
1 32284125 33467373 1412
1 32285537 33468783 1974
1 32287511 29215166 11
1 32287522 33470768 1036
1 32288558 33944894 21
1 32288579 33471825 2032
1 32290611 29503111 16
1 32290627 33473873 792
1 32291419 20835640 11
1 32291430 33474668 87
1 32291517 29445324 11
1 32291528 33474766 413
1 32291941 19948350 17
1 32291958 33475196 4411
1 32296369 31378389 14
1 32296383 33479621 1038
1 32297421 21470859 11
1 32297432 33480670 3779
1 32301211 31858958 13
1 32301224 33484462 251
1 32301475 29026369 12
1 32301487 33484725 1416
1 32302903 30983182 10
1 32302913 33486151 1810
1 32304723 22280227 13
1 32304736 33487974 505
1 32305241 33766141 13
1 32305254 33488492 1606
1 32306860 30612233 12
1 32306872 33490110 952
1 32307824 33491063 471
1 32308295 26899398 13
1 32308308 33491547 156
1 32308464 25834324 10
1 32308474 33491713 936
1 32309410 33492648 537
1 32309947 33535077 12
1 32309959 33493197 577
1 32310536 29584018 11
1 32310547 33493785 157
1 32310704 33493941 2135
1 32312839 27136131 14
1 32312853 33496090 1759
1 32314612 33497889 30
1 32314642 33497879 43
1 32314685 31603888 15
1 32314700 33497937 406
1 32315106 33606735 12
1 32315118 33498355 1042
1 32316160 33499439 20
1 32316180 33499417 2138
1 32318318 33403865 12
1 32318330 33501567 3499
1 32321829 33882035 12
1 32321841 33505078 969
1 32322810 33506127 605
1 32323415 33506800 248
1 32323663 33507046 3583
1 32327246 22281315 13
1 32327259 33510642 895
1 32328154 22474297 12
1 32328166 33511549 80
1 32328246 20217460 18
1 32328264 33511646 2558
1 32330822 33606062 13
1 32330835 33514216 2257
1 32333092 33516474 2634
1 32335726 21519707 12
1 32335738 33519120 5046
1 32340784 33524165 3140
1 32343924 33527304 5267
1 32349191 33954776 11
1 32349202 33532582 2596
1 32351798 33535255 17
1 32351815 33535195 1269
1 32353084 32292771 11
1 32353095 33536475 308
1 32353403 33536799 41
1 32353444 33536760 18
1 32353462 33390266 12
1 32353474 31430360 17
1 32353491 33537061 1512
1 32355003 31776471 13
1 32355016 33538586 700
1 32355716 33539285 1668
1 32357384 20443227 15
1 32357399 33540968 1479
1 32358878 33543633 32
1 32358910 33542480 219
1 32359129 24246855 10
1 32359139 33543975 21
1 32359160 33543152 61
1 32359221 33542870 45
1 32359266 33543258 440
1 32359706 33542627 18
1 32359724 33543716 39
1 32359763 33542915 14
1 32359777 33543769 219
1 32359996 33543911 48
1 32360044 33543998 373
1 32360417 30363041 14
1 32360431 33544385 46
1 32360477 27112943 11
1 32360488 33544442 595
1 32361083 30325044 13
1 32361096 33545050 471
1 32361567 31791847 13
1 32361580 33545534 288
1 32361868 29195892 13
1 32361881 33545835 71
1 32361952 23408296 12
1 32361964 33545918 687
1 32362651 30562032 13
1 32362664 33546618 1559
1 32364223 33548243 2714
1 32366937 21950124 14
1 32366951 33550971 327
1 32367278 29295381 12
1 32367290 33551310 601
1 32367891 21973446 10
1 32367901 33551921 1561
1 32369462 33676258 11
1 32369473 33553493 62
1 32369535 30943890 12
1 32369547 33553567 107
1 32369654 33554186 16
1 32369670 33553690 2267
1 32371937 25141670 13
1 32371950 33555970 1924
1 32373874 26600577 13
1 32373887 33557907 1208
1 32375095 32492579 13
1 32375108 33559128 2540
1 32377648 21787324 14
1 32377662 33561682 1649
1 32379311 31354872 14
1 32379325 33563345 334
1 32379659 33563681 96
1 32379755 30065986 18
1 32379773 33563795 41
1 32379814 33563860 25
1 32379839 33090816 13
1 32379852 33563876 27
1 32379879 33563921 128
1 32380007 33564071 138
1 32380145 33564189 35
1 32380180 33564260 448
1 32380628 33564707 35
1 32380663 31313192 12
1 32380675 33564754 1091
1 32381766 33565843 134
1 32381900 31028770 12
1 32381912 33565989 485
1 32382397 33397782 11
1 32382408 33566485 22944
1 32405352 31811342 12
1 32405364 33589441 654
1 32406018 26935887 13
1 32406031 33590108 18
1 32406049 24689145 12
1 32406061 33590138 497
1 32406558 30319898 13
1 32406571 33590648 913
1 32407484 32612223 12
1 32407496 33591573 557
1 32408053 33592131 51
1 32408104 33592180 542
1 32408646 22587842 12
1 32408658 33592734 74
1 32408732 33528369 11
1 32408743 33592819 1926
1 32410669 30802760 11
1 32410680 33594756 714
1 32411394 28808803 18
1 32411412 33595488 146
1 32411558 24989864 14
1 32411572 33595648 167
1 32411739 33595814 1176
1 32412915 33597000 106
1 32413021 32784068 12
1 32413033 33597118 228
1 32413261 21201688 14
1 32413275 33597360 484
1 32413759 33597843 166
1 32413925 20308714 12
1 32413937 33598021 37
1 32413974 23593291 13
1 32413987 33598071 971
1 32414958 30408673 12
1 32414970 33599054 536
1 32415506 32072147 13
1 32415519 33599603 563
1 32416082 26661200 11
1 32416093 33600177 1752
1 32417845 23077667 13
1 32417858 33601942 776
1 32418634 22026783 12
1 32418646 33602730 2769
1 32421415 22077549 13
1 32421428 33605512 300
1 32421728 23571906 12
1 32421740 33605824 107
1 32421847 27504029 12
1 32421859 32243999 12
1 32421871 33605903 297
1 32422168 30006433 13
1 32422181 33606213 48
1 32422229 33606260 23
1 32422252 33606282 14
1 32422266 33605546 1367
1 32423633 33606975 779
1 32424412 31322090 12
1 32424424 33607766 3990
1 32428414 25331921 13
1 32428427 33611769 312
1 32428739 33612077 803
1 32429542 33612879 381
1 32429923 33627761 12
1 32429935 33480788 11
1 32429946 33613283 237
1 32430183 27835068 15
1 32430198 33613535 635
1 32430833 32237627 15
1 32430848 33614185 815
1 32431663 23911936 14
1 32431677 33615014 246
1 32431923 24251462 9
1 32431932 31238553 13
1 32431945 33761655 11
1 32431956 28790511 11
1 32431967 24408342 12
1 32431979 33615268 128
1 32432107 33711502 12
1 32432119 32816415 13
1 32432132 33615421 20
1 32432152 29746962 11
1 32432163 33615452 483
1 32432646 32304756 13
1 32432659 33615948 1006
1 32433665 29395937 11
1 32433676 33616965 901
1 32434577 33617865 206
1 32434783 33427912 10
1 32434793 33618081 1437
1 32436230 29969060 12
1 32436242 33619530 133
1 32436375 31360123 11
1 32436386 33619675 76
1 32436462 31291729 13
1 32436475 33619764 1214
1 32437689 28226592 9
1 32437698 33620987 46
1 32437744 31299935 13
1 32437757 33621046 1093
1 32438850 33622141 203
1 32439053 20990883 11
1 32439064 33622355 187
1 32439251 26331193 10
1 32439261 33622552 669
1 32439930 32496264 13
1 32439943 33623234 323
1 32440266 29288700 13
1 32440279 33623570 56
1 32440335 33623615 3428
1 32443763 26494100 13
1 32443776 33627056 1592
1 32445368 27095833 12
1 32445380 33628660 290
1 32445670 33629229 248
1 32445918 33629465 14
1 32445932 33629494 35
1 32445967 33629721 32
1 32445999 33629561 36
1 32446035 33629735 24
1 32446059 33629735 24
1 32446083 33629735 24
1 32446107 33629735 24
1 32446131 33629735 30
1 32446161 33629687 48
1 32446209 30827132 13
1 32446222 33629730 29
1 32446251 33629801 24
1 32446275 33629747 30
1 32446305 33629813 28
1 32446333 33629859 2425
1 32448758 30925636 11
1 32448769 33632295 450
1 32449219 33632747 227
1 32449446 33632976 707
1 32450153 21220809 10
1 32450163 33633693 897
1 32451060 34048917 16
1 32451076 33634606 547
1 32451623 23411764 11
1 32451634 33635164 224
1 32451858 20759044 13
1 32451871 33635401 148
1 32452019 33635499 276
1 32452295 33635574 27
1 32452322 33635802 7255
1 32459577 30150540 31
1 32459608 33643088 4366
1 32463974 31634542 12
1 32463986 33647466 834
1 32464820 32952172 15
1 32464835 33648315 445
1 32465280 33679245 13
1 32465293 33648773 133
1 32465426 26495951 12
1 32465438 33648918 179
1 32465617 21792992 14
1 32465631 33649111 553
1 32466184 29057589 11
1 32466195 33649674 335
1 32466530 21043149 13
1 32466543 33650022 148
1 32466691 31329227 13
1 32466704 33650183 56
1 32466760 30393777 12
1 32466772 33650251 331
1 32467103 22843776 11
1 32467114 33650593 1727
1 32468841 24198688 45
1 32468886 33652362 2516
1 32471402 32920734 13
1 32471415 33654891 6843
1 32478258 33661735 2611
1 32480869 24917233 14
1 32480883 33664360 161
1 32481044 33664597 41
1 32481085 33665256 118
1 32481203 23671804 13
1 32481216 33665270 43
1 32481259 33665314 56
1 32481315 33665448 66
1 32481381 33664855 1714
1 32483095 33666570 653
1 32483748 33667200 23
1 32483771 24512658 11
1 32483782 22681020 11
1 32483793 33667289 21
1 32483814 25812637 11
1 32483825 33667298 220
1 32484045 29248508 12
1 32484057 33667530 204
1 32484261 32471671 10
1 32484271 33667744 214
1 32484485 26266912 13
1 32484498 33667971 185
1 32484683 26935434 16
1 32484699 33668172 263
1 32484962 29710196 12
1 32484974 33668447 206
1 32485180 25897706 13
1 32485193 33668666 28
1 32485221 25004626 12
1 32485233 33668706 2455
1 32487688 33537156 15
1 32487703 33671175 10832
1 32498535 21520361 29
1 32498564 33682036 1754
1 32500318 28038251 13
1 32500331 33683803 917
1 32501248 31607587 10
1 32501258 33684730 157
1 32501415 30364177 10
1 32501425 33684897 8509
1 32509934 33693407 5376
1 32515310 20124859 11
1 32515321 33698794 10915
1 32526236 32034453 12
1 32526248 33709721 61
1 32526309 30819247 12
1 32526321 33709794 722
1 32527043 33710515 408
1 32527451 30894536 12
1 32527463 33710935 2529
1 32529992 20659816 11
1 32530003 33713463 3027
1 32533030 33716487 4693
1 32537723 20694077 17
1 32537740 33721197 78
1 32537818 33721276 4150
1 32541968 33725427 4171
1 32546139 29973103 12
1 32546151 33729610 2634
1 32548785 33732243 10364
1 32559149 23664702 21
1 32559170 32080462 11
1 32559181 33742610 3233
1 32562414 27445404 12
1 32562426 33745855 2422
1 32564848 27422116 12
1 32564860 33748287 3857
1 32568717 21978139 13
1 32568730 33752157 414
1 32569144 29395247 18
1 32569162 23810725 30
1 32569192 33752619 7306
1 32576498 33759924 16133
1 32592631 28781986 30
1 32592661 33776087 6173
1 32598834 33782255 1088
1 32599922 20246064 12
1 32599934 33783355 2671
1 32602605 29419242 27
1 32602632 33786053 297
1 32602929 33786351 1269
1 32604198 33790043 15
1 32604213 26725058 13
1 32604226 33790071 2456
1 32606682 33792526 853
1 32607535 33793378 829
1 32608364 26931159 17
1 32608381 33794224 1343
1 32609724 20944570 11
1 32609735 33795578 706
1 32610441 33796283 1318
1 32611759 22366936 11
1 32611770 33797612 1578
1 32613348 32834230 46
1 32613394 33799236 18871
1 32632265 33818106 2008
1 32634273 31479097 11
1 32634284 33820124 3269
1 32637553 21455654 12
1 32637565 33823402 3155
1 32640720 20862717 11
1 32640731 33826568 2188
1 32642919 26852238 26
1 32642945 33828782 3233
1 32646178 33832014 120
1 32646298 33832138 864
1 32647162 32328450 15
1 32647177 33833017 728
1 32647905 33833746 1863
1 32649768 33338308 14
1 32649782 33835623 577
1 32650359 33836199 885
1 32651244 33837083 1502
1 32652746 27377660 19
1 32652765 33838603 13313
1 32666078 24417546 13
1 32666091 33851929 344
1 32666435 29096958 13
1 32666448 33852286 146
1 32666594 32732914 12
1 32666606 33852444 3216
1 32669822 33855659 3611
1 32673433 29833427 13
1 32673446 33859283 770
1 32674216 31289922 10
1 32674226 33860063 763
1 32674989 33860561 20
1 32675009 33860846 2495
1 32677504 30957720 21
1 32677525 33863362 3633
1 32681158 33867009 1763
1 32682921 29340603 31
1 32682952 33868802 1222
1 32684174 27894689 12
1 32684186 33870036 5267
1 32689453 33875309 1056
1 32690509 33876371 14090
1 32704599 28813311 16
1 32704615 33890477 842
1 32705457 33891318 845
1 32706302 23113378 11
1 32706313 33892174 3586
1 32709899 28321273 21
1 32709920 33895781 1485
1 32711405 33897265 1310
1 32712715 33899155 9108
1 32721823 33908143 85
1 32721908 33908348 77
1 32721985 33908186 61
1 32722046 33908487 18875
1 32740921 29315195 12
1 32740933 33927373 4220
1 32745153 33931594 4259
1 32749412 33935852 3935
1 32753347 33939788 9753
1 32763100 28539331 11
1 32763111 33949552 7293
1 32770404 33034983 11
1 32770415 33956856 9891
1 32780306 31893810 11
1 32780317 33966758 3759
1 32784076 29713961 11
1 32784087 33970528 99
1 32784186 33387391 12
1 32784198 33970639 7564
1 32791762 30399384 10
1 32791772 33978213 6723
1 32798495 25444378 11
1 32798506 33984947 4075
1 32802581 20004946 11
1 32802592 33989033 2171
1 32804763 33991205 8818
1 32813581 20167805 14
1 32813595 34000037 1813
1 32815408 27188393 53
1 32815461 34001900 3871
1 32819332 34005772 1122
1 32820454 22684224 12
1 32820466 34006906 1333
1 32821799 34008238 2131
1 32823930 24058076 12
1 32823942 34010381 4634
1 32828576 34015016 2067
1 32830643 34017082 3242
1 32833885 34020323 712
1 32834597 34021047 1422
1 32836019 34022467 21047
1 32857066 26610004 12
1 32857078 34043526 10721
1 32867799 34054248 4619
1 32872418 31001859 12
1 32872430 34058879 2964
1 32875394 32489317 12
1 32875406 34061855 3517
1 32878923 20974794 13
1 32878936 34065385 5886
1 32884822 28940838 24
1 32884846 34071295 12090
1 32896936 28962995 16
1 32896952 34083401 2298
1 32899250 34085698 732
1 32899982 24828800 17
1 32899999 34086447 9817
1 32909816 23136992 13
1 32909829 34096277 438
1 32910267 24341471 12
1 32910279 34096727 858
1 32911137 28036388 13
1 32911150 34097598 544
1 32911694 28605073 10
1 32911704 34098152 3670
1 32915374 27591277 12
1 32915386 34101834 2554
1 32917940 34104387 6110
1 32924050 27040099 11
1 32924061 34110508 207
1 32924268 29245408 10
1 32924278 34110725 8477
1 32932755 29943214 13
1 32932768 34119215 1551
1 32934319 28462554 13
1 32934332 34120779 3545
1 32937877 34124323 13834
1 32951711 34138171 515
1 32952226 32772440 12
1 32952238 34138698 247
1 32952485 25268400 12
1 32952497 34138957 1950
1 32954447 20974189 17
1 32954464 34140924 1830
1 32956294 23251971 14
1 32956308 34142768 2646
1 32958954 34145413 934
1 32959888 34146348 4398
1 32964286 31184496 11
1 32964297 34150757 3916
1 32968213 33995811 12
1 32968225 34154685 2348
1 32970573 34157034 2804
1 32973377 33845345 12
1 32973389 34159850 2659
1 32976048 20580137 12
1 32976060 34162521 1365
1 32977425 34163888 4222
1 32981647 21372781 10
1 32981657 34168120 6872
1 32988529 29516397 12
1 32988541 34175004 2798
1 32991339 22318191 14
1 32991353 34177814 44
1 32991397 34177873 88
1 32991485 22020112 10
1 32991495 34177971 528
1 32992023 20733243 11
1 32992034 34178510 128
1 32992162 34178637 44
